0
1.123E-03
2.245E-03
3.368E-03
4.490E-03
.0056126
6.735E-03
7.858E-03
8.980E-03
1.010E-02
.0112252
1.235E-02
1.347E-02
1.459E-02
1.572E-02
.0168378
1.796E-02
1.908E-02
2.021E-02
2.133E-02
.0224504
2.357E-02
2.470E-02
2.582E-02
2.694E-02
2.806E-02
2.919E-02
3.031E-02
3.143E-02
3.255E-02
3.368E-02
3.480E-02
3.592E-02
3.704E-02
3.817E-02
3.929E-02
4.041E-02
4.153E-02
4.266E-02
4.378E-02
4.490E-02
4.602E-02
4.715E-02
4.827E-02
4.939E-02
5.051E-02
.0516359
5.276E-02
5.388E-02
5.500E-02
5.613E-02
.0572485
5.837E-02
5.949E-02
6.062E-02
6.174E-02
.0628611
6.398E-02
6.511E-02
6.623E-02
6.735E-02
.0684737
6.960E-02
7.072E-02
7.184E-02
7.296E-02
7.409E-02
7.521E-02
7.633E-02
7.745E-02
7.858E-02
7.970E-02
8.082E-02
8.194E-02
8.307E-02
8.419E-02
8.531E-02
8.643E-02
8.756E-02
8.868E-02
8.980E-02
9.092E-02
.0920466
9.317E-02
9.429E-02
9.541E-02
9.654E-02
.0976592
9.878E-02
9.990E-02
.1010268
.1021493
.1032718
.1043943
.1055168
.1066394
.1077619
.1088844
.1100069
.1111294
.112252
.1133745
.114497
.1156195
.116742
.1178645
.1189871
.1201096
.1212321
.1223546
.1234771
.1245997
.1257222
.1268447
.1279672
.1290897
.1302123
.1313348
.1324573
.1335798
.1347023
.1358249
.1369474
.1380699
.1391924
.1403149
.1414375
.14256
.1436825
.144805
.1459275
.1470501
.1481726
.1492951
.1504176
.1515401
.1526626
.1537852
.1549077
.1560302
.1571527
.1582752
.1593978
.1605203
.1616428
.1627653
.1638878
.1650104
.1661329
.1672554
.1683779
.1695004
.170623
.1717455
.172868
.1739905
.175113
.1762356
.1773581
.1784806
.1796031
.1807256
.1818482
.1829707
.1840932
.1852157
.1863382
.1874608
.1885833
.1897058
.1908283
.1919508
.1930733
.1941959
.1953184
.1964409
.1975634
.1986859
.1998085
.200931
.2020535
.203176
.2042985
.2054211
.2065436
.2076661
.2087886
.2099111
.2110337
.2121562
.2132787
.2144012
.2155237
.2166463
.2177688
.2188913
.2200138
.2211363
.2222589
.2233814
.2245039
.2256264
.2267489
.2278714
.228994
.2301165
.231239
.2323615
.233484
.2346066
.2357291
.2368516
.2379741
.2390966
.2402192
.2413417
.2424642
.2435867
.2447092
.2458318
.2469543
.2480768
.2491993
.2503218
.2514444
.2525669
.2536894
.254812
.2559345
.257057
.2581796
.2593021
.2604246
.2615472
.2626697
.2637922
.2649148
.2660373
.2671598
.2682824
.2694049
.2705275
.27165
.2727725
.2738951
.2750176
.2761401
.2772627
.2783852
.2795077
.2806303
.2817528
.2828753
.2839979
.2851204
.2862429
.2873655
.288488
.2896105
.2907331
.2918556
.2929781
.2941007
.2952232
.2963457
.2974683
.2985908
.2997133
.3008359
.3019584
.3030809
.3042035
.305326
.3064485
.3075711
.3086936
.3098162
.3109387
.3120612
.3131838
.3143063
.3154288
.3165514
.3176739
.3187964
.319919
.3210415
.322164
.3232866
.3244091
.3255316
.3266542
.3277767
.3288992
.3300218
.3311443
.3322668
.3333894
.3345119
.3356344
.336757
.3378795
.339002
.3401246
.3412471
.3423696
.3434922
.3446147
.3457372
.3468598
.3479823
.3491049
.3502274
.3513499
.3524725
.353595
.3547175
.3558401
.3569626
.3580851
.3592077
.3603302
.3614527
.3625753
.3636978
.3648203
.3659429
.3670654
.3681879
.3693105
.370433
.3715555
.3726781
.3738006
.3749231
.3760457
.3771682
.3782907
.3794133
.3805358
.3816583
.3827809
.3839034
.3850259
.3861485
.387271
.3883936
.3895161
.3906386
.3917612
.3928837
.3940062
.3951288
.3962513
.3973738
.3984964
.3996189
.4007414
.401864
.4029865
.404109
.4052316
.4063541
.4074766
.4085992
.4097217
.4108442
.4119668
.4130893
.4142118
.4153344
.4164569
.4175794
.418702
.4198245
.420947
.4220696
.4231921
.4243146
.4254372
.4265597
.4276823
.4288048
.4299273
.4310499
.4321724
.4332949
.4344175
.43554
.4366625
.4377851
.4389076
.4400301
.4411527
.4422752
.4433977
.4445203
.4456428
.4467653
.4478879
.4490104
.4501329
.4512555
.452378
.4535005
.4546231
.4557456
.4568681
.4579907
.4591132
.4602357
.4613583
.4624808
.4636033
.4647259
.4658484
.466971
.4680935
.469216
.4703386
.4714611
.4725836
.4737062
.4748287
.4759512
.4770738
.4781963
.4793188
.4804414
.4815639
.4826864
.483809
.4849315
.486054
.4871766
.4882991
.4894216
.4905442
.4916667
.4927892
.4939118
.4950343
.4961568
.4972794
.4984019
.4995244
.5006469
.5017695
.502892
.5040146
.5051371
.5062596
.5073822
.5085047
.5096272
.5107498
.5118723
.5129948
.5141174
.5152399
.5163624
.517485
.5186075
.51973
.5208526
.5219751
.5230976
.5242202
.5253427
.5264652
.5275878
.5287103
.5298328
.5309554
.5320779
.5332004
.534323
.5354455
.536568
.5376906
.5388131
.5399356
.5410582
.5421807
.5433033
.5444258
.5455483
.5466709
.5477934
.5489159
.5500385
.551161
.5522835
.5534061
.5545286
.5556511
.5567737
.5578962
.5590187
.5601413
.5612638
.5623863
.5635089
.5646314
.5657539
.5668765
.567999
.5691215
.5702441
.5713666
.5724891
.5736117
.5747342
.5758567
.5769793
.5781018
.5792243
.5803469
.5814694
.582592
.5837145
.584837
.5859596
.5870821
.5882046
.5893272
.5904497
.5915722
.5926948
.5938173
.5949398
.5960624
.5971849
.5983074
.59943
.6005525
.601675
.6027976
.6039201
.6050426
.6061652
.6072877
.6084102
.6095328
.6106553
.6117778
.6129004
.6140229
.6151454
.616268
.6173905
.618513
.6196356
.6207581
.6218807
.6230032
.6241257
.6252483
.6263708
.6274933
.6286159
.6297384
.6308609
.6319835
.633106
.6342285
.6353511
.6364736
.6375961
.6387187
.6398412
.6409637
.6420863
.6432088
.6443313
.6454539
.6465764
.6476989
.6488215
.649944
.6510665
.6521891
.6533116
.6544341
.6555567
.6566792
.6578017
.6589243
.6600468
.6611694
.6622919
.6634144
.664537
.6656595
.666782
.6679046
.6690271
.6701496
.6712722
.6723947
.6735172
.6746398
.6757623
.6768848
.6780074
.6791299
.6802524
.681375
.6824975
.68362
.6847426
.6858651
.6869876
.6881102
.6892327
.6903552
.6914778
.6926003
.6937228
.6948454
.6959679
.6970904
.698213
.6993355
.700458
.7015806
.7027031
.7038257
.7049482
.7060707
.7071933
.7083158
.7094383
.7105609
.7116834
.7128059
.7139285
.715051
.7161735
.7172961
.7184186
.7195411
.7206637
.7217862
.7229087
.7240313
.7251538
.7262763
.7273989
.7285214
.7296439
.7307665
.731889
.7330115
.7341341
.7352566
.7363791
.7375017
.7386242
.7397467
.7408693
.7419918
.7431144
.7442369
.7453594
.746482
.7476045
.748727
.7498496
.7509721
.7520946
.7532172
.7543397
.7554622
.7565848
.7577073
.7588298
.7599524
.7610749
.7621974
.76332
.7644425
.765565
.7666876
.7678101
.7689326
.7700552
.7711777
.7723002
.7734228
.7745453
.7756678
.7767904
.7779129
.7790354
.780158
.7812805
.7824031
.7835256
.7846481
.7857707
.7868932
.7880157
.7891383
.7902608
.7913833
.7925059
.7936284
.7947509
.7958735
.796996
.7981185
.7992411
.8003636
.8014861
.8026087
.8037312
.8048537
.8059763
.8070988
.8082213
.8093439
.8104664
.8115889
.8127115
.813834
.8149565
.8160791
.8172016
.8183241
.8194467
.8205692
.8216918
.8228143
.8239368
.8250594
.8261819
.8273044
.828427
.8295495
.830672
.8317946
.8329171
.8340396
.8351622
.8362847
.8374072
.8385298
.8396523
.8407748
.8418974
.8430199
.8441424
.845265
.8463875
.84751
.8486326
.8497551
.8508776
.8520002
.8531227
.8542452
.8553678
.8564903
.8576128
.8587354
.8598579
.8609805
.862103
.8632255
.8643481
.8654706
.8665931
.8677157
.8688382
.8699607
.8710833
.8722058
.8733283
.8744509
.8755734
.8766959
.8778185
.878941
.8800635
.8811861
.8823086
.8834311
.8845537
.8856762
.8867987
.8879213
.8890438
.8901663
.8912889
.8924114
.8935339
.8946565
.895779
.8969015
.8980241
.8991466
.9002692
.9013917
.9025142
.9036368
.9047593
.9058818
.9070044
.9081269
.9092494
.910372
.9114945
.912617
.9137396
.9148621
.9159846
.9171072
.9182297
.9193522
.9204748
.9215973
.9227198
.9238424
.9249649
.9260874
.92721
.9283325
.929455
.9305776
.9317001
.9328226
.9339452
.9350677
.9361902
.9373128
.9384353
.9395579
.9406804
.9418029
.9429255
.944048
.9451705
.9462931
.9474156
.9485381
.9496607
.9507832
.9519057
.9530283
.9541508
.9552733
.9563959
.9575184
.9586409
.9597635
.960886
.9620085
.9631311
.9642536
.9653761
.9664987
.9676212
.9687437
.9698663
.9709888
.9721113
.9732339
.9743564
.9754789
.9766015
.977724
.9788465
.9799691
.9810916
.9822142
.9833367
.9844592
.9855818
.9867043
.9878268
.9889494
.9900719
.9911944
.992317
.9934395
.994562
.9956846
.9968071
.9979296
.9990522
1.000175
1.001297
1.00242
1.003542
1.004665
1.005787
1.006909
1.008032
1.009154
1.010277
1.011399
1.012522
1.013644
1.014767
1.015889
1.017012
1.018134
1.019257
1.020379
1.021502
1.022624
1.023747
1.024869
1.025992
1.027114
1.028237
1.029359
1.030481
1.031604
1.032726
1.033849
1.034971
1.036094
1.037216
1.038339
1.039461
1.040584
1.041706
1.042829
1.043951
1.045074
1.046196
1.047319
1.048441
1.049564
1.050686
1.051808
1.052931
1.054053
1.055176
1.056298
1.057421
1.058543
1.059666
1.060788
1.061911
1.063033
1.064156
1.065278
1.066401
1.067523
1.068646
1.069768
1.070891
1.072013
1.073135
1.074258
1.07538
1.076503
1.077625
1.078748
1.07987
1.080993
1.082115
1.083238
1.08436
1.085483
1.086605
1.087728
1.08885
1.089973
1.091095
1.092218
1.09334
1.094463
1.095585
1.096707
1.09783
1.098952
1.100075
1.101197
1.10232
1.103442
1.104565
1.105687
1.10681
1.107932
1.109055
1.110177
1.1113
1.112422
1.113545
1.114667
1.11579
1.116912
1.118034
1.119157
1.120279
1.121402
1.12252
1.12252